APA_PORTFOLIO_V11
B 17 73757 73774 2 1 73774 2 36887
C
B 17 29501 29518 2 1 29518 2 14759
B 29537 73757 103294 2 1 103294 2 51647
B 5 147503 147508 2 2 73754 4 36877
C
C
B 51647 36887 88534 2 1 88534 2 44267
C
B 44267 36887 81154 2 1 81154 2 40577
C
B 44267 29531 73798 2 1 73798 2 36899
C
B 36899 51647 88546 2 1 88546 2 44273
C
B 36899 44267 81166 2 1 81166 2 40583
C
B 71 73757 73828 2 1 73828 4 18457
C
B 5 147503 147508 2 2 73754 4 36877
C
B 61463 29531 90994 2 1 90994 2 45497
C
B 18461 147503 165964 2 2 82982 4 41491
C
B 21521 73757 95278 2 1 95278 2 47639
C
C
B 81131 36887 118018 2 1 118018 2 59009
C
B 59009 73757 132766 2 1 132766 2 66383
C
B 81131 23 81154 2 1 81154 2 40577
C
B 66383 23 66406 2 1 66406 2 33203
C
B 45179 147503 192682 2 2 96341 7 27526
C
C
