APA_PORTFOLIO_V11
B 11 73883 73894 2 1 73894 2 36947
C
B 2 73907 73909 2 1 73909 11 6719
B 41593 73909 115502 2 1 115502 2 57751
C
B 47 73907 73954 2 2 36977 103 718
B 11 73907 73918 2 2 36959 13 5686
C
C
C
B 2 73877 73879 2 1 73879 13 5683
B 19 36943 36962 2 1 36962 2 18481
B 36962 73877 110839 2 1 110839 271 409
C
C
B 73 110813 110886 2 2 55443 6 18481
C
C
B 10663 36943 47606 2 2 23803 13 3662
B 23803 18523 42326 2 1 42326 2 21163
C
B 21163 23803 44966 2 1 44966 2 22483
C
B 22483 23803 46286 2 1 46286 2 23143
C
B 17 110813 110830 2 2 55415 10 11083
B 23803 36943 60746 2 2 30373 14 4339
B 23143 36943 60086 2 2 30043 13 4622
B 23143 23803 46946 2 1 46946 2 23473
C
B 21163 18523 39686 2 1 39686 2 19843
C
B 19 36943 36962 2 1 36962 2 18481
C
B 73 110813 110886 2 2 55443 6 18481
C
C
B 23143 23803 46946 2 1 46946 2 23473
C
B 21163 18523 39686 2 1 39686 2 19843
C
B 19 36943 36962 2 1 36962 2 18481
C
B 73 110813 110886 2 2 55443 6 18481
C
C
C
C
C
