APA_PORTFOLIO_V11
B 73 73681 73754 2 1 73754 2 36877
C
B 61 73681 73742 2 1 73742 2 36871
B 7759 3 7762 2 1 7762 2 3881
C
B 37861 73742 111603 2 1 111603 3 37201
C
C
B 36877 109 36986 2 1 36986 2 18493
B 46093 73681 119774 2 1 119774 2 59887
C
B 36986 73679 110665 2 1 110665 5 22133
C
B 36943 37003 73946 2 1 73946 2 36973
C
B 46171 36871 83042 2 1 83042 2 41521
C
C
B 67 36847 36914 2 1 36914 2 18457
B 46093 73681 119774 2 1 119774 2 59887
C
C
B 36871 31 36902 2 1 36902 2 18451
C
B 19 36847 36866 2 1 36866 2 18433
B 26317 73681 99998 2 1 99998 2 49999
C
B 36866 73679 110545 2 1 110545 5 22109
B 110545 73681 184226 2 2 92113 14 13159
C
C
B 84731 83 84814 2 1 84814 2 42407
C
C
B 53 73679 73732 2 1 73732 4 18433
C
B 4 73681 73685 2 1 73685 5 14737
B 73685 18461 92146 2 1 92146 2 46073
C
C
C
